1	0	0	0	0	0	0	0	0	5
1	1	0	0	0	0	0	0	0	7
1	1	1	0	0	0	0	0	0	9
0	1	0	0	0	0	0	0	0	22
0	1	0	0	0	0	0	0	0	24
0	0	0	0	0	0	0	0	1	26
0	0	0	0	0	0	0	0	1	33
0	1	0	0	0	0	0	0	0	34
1	1	0	0	0	0	0	0	0	45
0	0	0	0	0	0	0	0	1	55
1	0	0	0	0	0	0	0	1	58
1	0	0	0	0	0	1	0	0	59
1	0	0	1	0	0	0	0	0	62
1	1	0	0	0	0	1	0	0	63
0	0	0	1	1	1	0	0	0	65
1	1	1	1	0	1	0	0	0	66
1	1	1	0	0	0	0	0	0	67
0	0	0	0	1	1	0	0	0	69
0	1	1	0	1	1	0	0	0	70
0	0	0	0	1	0	0	1	0	72
0	0	0	0	1	1	0	1	0	73
0	0	0	0	1	1	0	0	0	74
0	0	0	0	0	0	0	1	0	76
0	0	0	0	0	0	0	1	1	77
0	0	0	0	0	0	0	1	1	80
0	0	0	0	0	0	0	0	1	81
0	0	0	0	0	0	0	0	1	84
0	0	0	0	0	0	0	0	1	95
0	0	1	0	1	1	1	0	1	97
0	1	1	0	0	1	0	0	0	99
0	0	1	0	1	1	1	0	0	114
0	0	0	0	1	0	1	0	1	116
0	0	0	0	0	0	0	0	1	123
0	0	0	0	0	0	0	0	1	124
0	0	0	0	0	0	1	0	0	133
0	0	0	0	0	0	0	0	1	142
0	0	0	0	0	0	0	0	1	143
0	0	0	0	0	0	1	1	1	146
0	0	0	0	1	1	1	1	1	147
0	0	0	0	1	0	1	0	0	150
0	0	0	0	1	1	0	0	0	151
0	0	1	0	1	1	1	0	0	152
0	0	1	1	1	1	1	0	0	155
0	0	1	0	1	1	0	0	0	156
0	0	0	1	0	0	0	0	0	158
0	1	1	0	0	0	0	0	0	159
0	0	1	0	0	0	0	0	0	160
1	0	0	0	0	0	0	0	0	163
1	0	0	0	0	0	0	0	0	164
1	0	0	0	0	0	0	0	0	167
1	0	0	0	0	0	0	0	0	171
